101352.972
101352.972
101352.972
106802.0565
101352.972
101352.972
101352.972
101352.972
101352.972
106802.0565
101352.972
101352.972
101352.972
106802.0565
101352.972
101352.972
106802.0565
101352.972
101352.972
101352.972
101352.972
101352.972
101352.972
101352.972
101352.972
101352.972
101352.972
101352.972
101352.972
101352.972
101352.972
101352.972
101352.972
101352.972
101352.972
101352.972
101352.972
101352.972
101352.972
101352.972
101352.972
101352.972
101352.972
101352.972
101352.972
101352.972
95903.88748
101352.972
101352.972
101352.972
95903.88748
95903.88748
101352.972
101352.972
101352.972
101352.972
101352.972
101352.972
101352.972
101352.972
95903.88748
101352.972
101352.972
101352.972
95903.88748
101352.972
95903.88748
95903.88748
101352.972
101352.972
95903.88748
101352.972
101352.972
101352.972
101352.972
101352.972
101352.972
101352.972
95903.88748
112251.141
237580.0849
777039.452
995002.8326
1109433.607
1202068.044
1185720.791
1191169.875
1191169.875
1174822.622
1174822.622
1180271.706
1174822.622
1169373.537
1153026.284
1153026.284
1153026.284
1153026.284
1142128.115
1136679.03
1136679.03
1136679.03
1142128.115
1136679.03
1142128.115
1142128.115
1136679.03
1136679.03
1131229.946
1125780.861
1114882.692
1114882.692
1120331.777
1120331.777
1114882.692
1114882.692
1109433.607
1109433.607
1098535.438
1098535.438
1098535.438
1093086.354
1093086.354
1087637.269
1082188.185
1082188.185
1082188.185
1076739.1
1076739.1
1071290.016
1065840.931
1065840.931
1065840.931
1060391.847
1054942.762
1060391.847
1060391.847
1071290.016
1049493.678
1044044.593
1044044.593
1049493.678
1044044.593
1038595.509
1033146.424
1033146.424
1027697.34
1027697.34
1027697.34
1022248.255
1022248.255
1016799.171
1011350.086
1005901.002
1011350.086
1005901.002
1005901.002
1000451.917
1000451.917
1000451.917
1000451.917
995002.8326
995002.8326
995002.8326
1000451.917
995002.8326
989553.7481
984104.6636
978655.5791
978655.5791
984104.6636
984104.6636
984104.6636
984104.6636
978655.5791
978655.5791
978655.5791
984104.6636
984104.6636
978655.5791
973206.4946
973206.4946
973206.4946
967757.4101
973206.4946
967757.4101
973206.4946
967757.4101
962308.3255
967757.4101
973206.4946
967757.4101
962308.3255
962308.3255
962308.3255
962308.3255
956859.241
956859.241
956859.241
956859.241
956859.241
956859.241
951410.1565
951410.1565
951410.1565
951410.1565
951410.1565
945961.072
945961.072
940511.9875
945961.072
940511.9875
935062.903
935062.903
935062.903
935062.903
935062.903
935062.903
929613.8185
929613.8185
935062.903
929613.8185
924164.7339
924164.7339
924164.7339
924164.7339
924164.7339
924164.7339
924164.7339
924164.7339
918715.6494
918715.6494
918715.6494
924164.7339
913266.5649
913266.5649
913266.5649
918715.6494
918715.6494
918715.6494
913266.5649
913266.5649
907817.4804
902368.3959
902368.3959
896919.3114
902368.3959
896919.3114
896919.3114
896919.3114
896919.3114
896919.3114
896919.3114
891470.2268
891470.2268
886021.1423
886021.1423
886021.1423
880572.0578
886021.1423
886021.1423
886021.1423
886021.1423
880572.0578
880572.0578
880572.0578
880572.0578
869673.8888
875122.9733
869673.8888
869673.8888
880572.0578
875122.9733
875122.9733
869673.8888
869673.8888
864224.8043
864224.8043
864224.8043
864224.8043
858775.7197
853326.6352
853326.6352
858775.7197
853326.6352
853326.6352
853326.6352
853326.6352
853326.6352
847877.5507
842428.4662
842428.4662
842428.4662
842428.4662
836979.3817
836979.3817
836979.3817
836979.3817
820632.1281
826081.2126
815183.0436
809733.9591
815183.0436
798835.7901
804284.8746
809733.9591
809733.9591
804284.8746
804284.8746
804284.8746
798835.7901
793386.7055
793386.7055
804284.8746
793386.7055
793386.7055
793386.7055
804284.8746
782488.5365
782488.5365
782488.5365
777039.452
777039.452
777039.452
771590.3675
771590.3675
766141.283
766141.283
766141.283
766141.283
760692.1985
760692.1985
755243.1139
766141.283
749794.0294
755243.1139
749794.0294
738895.8604
733446.7759
717099.5223
711650.4378
695303.1843
673506.8462
668057.7617
657159.5926
657159.5926
651710.5081
646261.4236
646261.4236
646261.4236
613566.9165
613566.9165
608117.832
591770.5785
559076.0714
548177.9023
526381.5643
515483.3952
493687.0572
455543.4655
450094.381
433747.1275
395603.5359
379256.2823
368358.1133
346561.7752
335663.6062
324765.4372
313867.2681
308418.1836
297520.0146
286621.8455
281172.761
264825.5075
259376.423
248478.2539
232131.0004
226681.9159
215783.7468
204885.5778
199436.4933
188538.3243
183089.2397
172191.0707
166741.9862
161292.9017
161292.9017
150394.7326
150394.7326
144945.6481
139496.5636
139496.5636
139496.5636
134047.4791
134047.4791
128598.3946
128598.3946
128598.3946
123149.3101
123149.3101
123149.3101
128598.3946
123149.3101
123149.3101
123149.3101
117700.2255
117700.2255
117700.2255
117700.2255
117700.2255
117700.2255
117700.2255
117700.2255
112251.141
117700.2255
117700.2255
112251.141
112251.141
112251.141
112251.141
117700.2255
112251.141
112251.141
112251.141
112251.141
112251.141
112251.141
112251.141
112251.141
112251.141
134047.4791
128598.3946
112251.141
101352.972
106802.0565
112251.141
106802.0565
106802.0565
106802.0565
106802.0565
106802.0565
106802.0565
106802.0565
106802.0565
101352.972
101352.972
106802.0565
101352.972
101352.972
106802.0565
106802.0565
106802.0565
101352.972
101352.972
101352.972
101352.972
101352.972
106802.0565
101352.972
101352.972
101352.972
106802.0565
101352.972
101352.972
101352.972
101352.972
101352.972
101352.972
101352.972
101352.972
101352.972
101352.972
101352.972
101352.972
101352.972
101352.972
95903.88748
101352.972
101352.972
101352.972
101352.972
101352.972
101352.972
101352.972
101352.972
106802.0565
101352.972
101352.972
101352.972
101352.972
101352.972
101352.972
101352.972
95903.88748
101352.972
101352.972
95903.88748
101352.972
101352.972
95903.88748
95903.88748