1571.57
1571.59
1571.6
1571.61
1571.62
1571.64
1571.65
1571.66
1571.67
1571.69
1571.7
1571.71
1571.73
1571.74
1571.75
1571.76
1571.78
1571.79
1571.8
1571.81
1571.83
1571.84
1571.85
1571.86
1571.88
1571.89
1571.9
1571.91
1571.93
1571.94
1571.95
1571.97
1571.98
1571.99
1572
1572.02
1572.03
1572.04
1572.05
1572.07
1572.08
1572.09
1572.1
1572.12
1572.13
1572.14
1572.16
1572.17
1572.18
1572.19
1572.21
1572.22
1572.23
1572.24
1572.26
1572.27
1572.28
1572.29
1572.31
1572.32
1572.33
1572.34
1572.36
1572.37
1572.38
1572.4
1572.41
1572.42
1572.43
1572.45
1572.46
1572.47
1572.48
1572.5
1572.51
1572.52
1572.54
1572.55
1572.56
1572.57
1572.58
1572.6
1572.61
1572.62
1572.64
1572.65
1572.66
1572.67
1572.69
1572.7
1572.71
1572.72
1572.74
1572.75
1572.76
1572.78
1572.79
1572.8
1572.81
1572.83
1572.84
1572.85
1572.86
1572.88
1572.89
1572.9
1572.91
1572.93
1572.94
1572.95
1572.96
1572.98
1572.99
1573
1573.02
1573.03
1573.04
1573.05
1573.07
1573.08
1573.09
1573.1
1573.12
1573.13
1573.14
1573.15
1573.17
1573.18
1573.19
1573.2
1573.22
1573.23
1573.24
1573.26
1573.27
1573.28
1573.29
1573.31
1573.32
1573.33
1573.34
1573.36
1573.37
1573.38
1573.4
1573.41
1573.42
1573.43
1573.44
1573.46
1573.47
1573.48
1573.5
1573.51
1573.52
1573.53
1573.55
1573.56
1573.57
1573.58
1573.6
1573.61
1573.62
1573.64
1573.65
1573.66
1573.67
1573.69
1573.7
1573.71
1573.72
1573.74
1573.75
1573.76
1573.78
1573.79
1573.8
1573.81
1573.82
1573.84
1573.85
1573.86
1573.88
1573.89
1573.9
1573.91
1573.93
1573.94
1573.95
1573.96
1573.98
1573.99
1574
1574.02
1574.03
1574.04
1574.05
1574.07
1574.08
1574.09
1574.1
1574.12
1574.13
1574.14
1574.15
1574.17
1574.18
1574.19
1574.2
1574.22
1574.23
1574.24
1574.26
1574.27
1574.28
1574.29
1574.31
1574.32
1574.33
1574.34
1574.36
1574.37
1574.38
1574.39
1574.41
1574.42
1574.43
1574.44
1574.46
1574.47
1574.48
1574.5
1574.51
1574.52
1574.53
1574.55
1574.56
1574.57
1574.58
1574.6
1574.61
1574.62
1574.63
1574.65
1574.66
1574.67
1574.69
1574.7
1574.71
1574.72
1574.74
1574.75
1574.76
1574.77
1574.79
1574.8
1574.81
1574.82
1574.84
1574.85
1574.86
1574.88
1574.89
1574.9
1574.91
1574.93
1574.94
1574.95
1574.96
1574.98
1574.99
1575
1575.02
1575.03
1575.04
1575.05
1575.06
1575.08
1575.09
1575.1
1575.11
1575.13
1575.14
1575.15
1575.17
1575.18
1575.19
1575.2
1575.22
1575.23
1575.24
1575.26
1575.27
1575.28
1575.29
1575.31
1575.32
1575.45
1575.46
1575.48
1575.49
1575.5
1575.52
1575.53
1575.54
1575.55
1575.56
1575.58
1575.59
1575.6
1575.61
1575.63
1575.64
1575.65
1575.67
1575.68
1575.69
1575.7
1575.72
1575.73
1575.74
1575.75
1575.77
1575.78
1575.79
1575.8
1575.82
1575.83
1575.84
1575.85
1575.87
1575.88
1575.89
1575.91
1575.92
1575.93
1575.94
1575.95
1575.97
1575.98
1575.99
1576.01
1576.02
1576.03
1576.04
1576.06
1576.07
1576.08
1576.09
1576.11
1576.12
1576.13
1576.15
1576.16
1576.17
1576.18
1576.19
1576.21
1576.22
1576.23
1576.24
1576.26
1576.27
1576.28
1576.3
1576.31
1576.32
1576.33
1576.35
1576.36
1576.37
1576.38
1576.4
1576.41
1576.42
1576.44
1576.45
1576.46
1576.47
1576.48
1576.5
1576.51
1576.52
1576.54
1576.55
1576.56
1576.57
1576.59
1576.6
1576.61
1576.62
1576.64
1576.65
1576.66
1576.67
1576.69
1576.7
1576.71
1576.72
1576.74
1576.75
1576.76
1576.78
1576.79
1576.8
1576.81
1576.82
1576.84
1576.85
1576.86
1576.88
1576.89
1576.9
1576.91
1576.93
1576.94
1576.95
1576.96
1576.98
1576.99
1577
1577.02
1577.03
1577.04
1577.05
1577.07
1577.08
1577.09
1577.1
1577.12
1577.13
1577.14
1577.15
1577.17
1577.18
1577.19
1577.2
1577.22
1577.23
1577.24
1577.26
1577.27
1577.28
1577.29
1577.31
1577.32
1577.33
1577.34
1577.36
1577.37
1577.38
1577.39
1577.41
1577.42
1577.43
1577.44
1577.46
1577.47
1577.48
1577.49
1577.51
1577.52
1577.53
1577.55
1577.56
1577.57
1577.58
1577.6
1577.61
1577.62
1577.64
1577.65
1577.66
1577.67
1577.69
1577.7
1577.71
1577.72
1577.73
1577.75
1577.76
1577.78
1577.79
1577.8
1577.81
1577.82
1577.84
1577.85
1577.86
1577.88
1577.89
1577.9
1577.91
1577.93
1577.94
1577.95
1577.96
1577.98
1577.99
1578